0.00000000000, 90.00000000000, 0.00000000000, 0.00000000000, 90.00000000000, 0.00000000000, 0, 0
0.00000000000, 90.00000000000, 0.00000000000, 0.00000000000, 90.00000000000, 0.00000000000, 0, 0
0.00001368343, 89.99997263314, -0.00001368343, 0.00004105030, 89.99995894970, 0.00002736686, 0, 0
0.00005473373, 89.99989053254, -0.00005473373, 0.00016420118, 89.99983579882, 0.00010946746, 0, 0
0.00013683432, 89.99972633136, -0.00013683432, 0.00041050296, 89.99958949704, 0.00027366864, 0, 0
0.00027366864, 89.99945266272, -0.00027366864, 0.00082100592, 89.99917899408, 0.00054733728, 0, 0
0.00047892012, 89.99904215976, -0.00047892012, 0.00143676036, 89.99856323964, 0.00095784024, 0, 0
0.00076627219, 89.99846745562, -0.00076627219, 0.00229881657, 89.99770118343, 0.00153254438, 0, 0
0.00114940828, 89.99770118343, -0.00114940828, 0.00344822485, 89.99655177515, 0.00229881657, 0, 0
0.00164201183, 89.99671597633, -0.00164201183, 0.00492603550, 89.99507396450, 0.00328402367, 0, 0
0.00225776627, 89.99548446746, -0.00225776627, 0.00677329882, 89.99322670118, 0.00451553254, 0, 0
0.00301035503, 89.99397928994, -0.00301035503, 0.00903106509, 89.99096893491, 0.00602071006, 0, 0
0.00391346154, 89.99217307692, -0.00391346154, 0.01174038462, 89.98825961538, 0.00782692308, 0, 0
0.00498076923, 89.99003846154, -0.00498076923, 0.01494230769, 89.98505769231, 0.00996153846, 0, 0
0.00622596154, 89.98754807692, -0.00622596154, 0.01867788462, 89.98132211538, 0.01245192308, 0, 0
0.00766272189, 89.98467455621, -0.00766272189, 0.02298816568, 89.97701183432, 0.01532544379, 0, 0
0.00930473373, 89.98139053254, -0.00930473373, 0.02791420118, 89.97208579882, 0.01860946746, 0, 0
0.01116568047, 89.97766863905, -0.01116568047, 0.03349704142, 89.96650295858, 0.02233136095, 0, 0
0.01325924556, 89.97348150888, -0.01325924556, 0.03977773669, 89.96022226331, 0.02651849112, 0, 0
0.01559911243, 89.96880177515, -0.01559911243, 0.04679733728, 89.95320266272, 0.03119822485, 0, 0
0.01819896450, 89.96360207101, -0.01819896450, 0.05459689349, 89.94540310651, 0.03639792899, 0, 0
0.02107248521, 89.95785502959, -0.02107248521, 0.06321745562, 89.93678254438, 0.04214497041, 0, 0
0.02423335799, 89.95153328402, -0.02423335799, 0.07270007396, 89.92729992604, 0.04846671598, 0, 0
0.02769526627, 89.94460946746, -0.02769526627, 0.08308579882, 89.91691420118, 0.05539053254, 0, 0
0.03147189349, 89.93705621302, -0.03147189349, 0.09441568047, 89.90558431953, 0.06294378698, 0, 0
0.03557692308, 89.92884615385, -0.03557692308, 0.10673076923, 89.89326923077, 0.07115384615, 0, 0
0.04002403846, 89.91995192308, -0.04002403846, 0.12007211538, 89.87992788462, 0.08004807692, 0, 0
0.04482692308, 89.91034615385, -0.04482692308, 0.13448076923, 89.86551923077, 0.08965384615, 0, 0
0.04999926036, 89.90000147929, -0.04999926036, 0.14999778107, 89.85000221893, 0.09999852071, 0, 0
0.05555473373, 89.88889053254, -0.05555473373, 0.16666420118, 89.83333579882, 0.11110946746, 0, 0
0.06150702663, 89.87698594675, -0.06150702663, 0.18452107988, 89.81547892012, 0.12301405325, 0, 0
0.06786982249, 89.86426035503, -0.06786982249, 0.20360946746, 89.79639053254, 0.13573964497, 0, 0
0.07465680473, 89.85068639053, -0.07465680473, 0.22397041420, 89.77602958580, 0.14931360947, 0, 0
0.08188165680, 89.83623668639, -0.08188165680, 0.24564497041, 89.75435502959, 0.16376331361, 0, 0
0.08955806213, 89.82088387574, -0.08955806213, 0.26867418639, 89.73132581361, 0.17911612426, 0, 0
0.09769970414, 89.80460059172, -0.09769970414, 0.29309911243, 89.70690088757, 0.19539940828, 0, 0
0.10632026627, 89.78735946746, -0.10632026627, 0.31896079882, 89.68103920118, 0.21264053254, 0, 0
0.11543343195, 89.76913313609, -0.11543343195, 0.34630029586, 89.65369970414, 0.23086686391, 0, 0
0.12505288462, 89.74989423077, -0.12505288462, 0.37515865385, 89.62484134615, 0.25010576923, 0, 0
0.13519230769, 89.72961538462, -0.13519230769, 0.40557692308, 89.59442307692, 0.27038461538, 0, 0
0.14586538462, 89.70826923077, -0.14586538462, 0.43759615385, 89.56240384615, 0.29173076923, 0, 0
0.15708579882, 89.68582840237, -0.15708579882, 0.47125739645, 89.52874260355, 0.31417159763, 0, 0
0.16886723373, 89.66226553254, -0.16886723373, 0.50660170118, 89.49339829882, 0.33773446746, 0, 0
0.18122337278, 89.63755325444, -0.18122337278, 0.54367011834, 89.45632988166, 0.36244674556, 0, 0
0.19416789941, 89.61166420118, -0.19416789941, 0.58250369822, 89.41749630178, 0.38833579882, 0, 0
0.20771449704, 89.58457100592, -0.20771449704, 0.62314349112, 89.37685650888, 0.41542899408, 0, 0
0.22187684911, 89.55624630178, -0.22187684911, 0.66563054734, 89.33436945266, 0.44375369822, 0, 0
0.23666863905, 89.52666272189, -0.23666863905, 0.71000591716, 89.28999408284, 0.47333727811, 0, 0
0.25210355030, 89.49579289941, -0.25210355030, 0.75631065089, 89.24368934911, 0.50420710059, 0, 0
0.26819526627, 89.46360946746, -0.26819526627, 0.80458579882, 89.19541420118, 0.53639053254, 0, 0
0.28495747041, 89.43008505917, -0.28495747041, 0.85487241124, 89.14512758876, 0.56991494083, 0, 0
0.30240384615, 89.39519230769, -0.30240384615, 0.90721153846, 89.09278846154, 0.60480769231, 0, 0
0.32054807692, 89.35890384615, -0.32054807692, 0.96164423077, 89.03835576923, 0.64109615385, 0, 0
0.33940384615, 89.32119230769, -0.33940384615, 1.01821153846, 88.98178846154, 0.67880769231, 0, 0
0.35895747041, 89.28208505917, -0.35895747041, 1.07687241124, 88.92312758876, 0.71791494083, 0, 0
0.37919526627, 89.24160946746, -0.37919526627, 1.13758579882, 88.86241420118, 0.75839053254, 0, 0
0.40010355030, 89.19979289941, -0.40010355030, 1.20031065089, 88.79968934911, 0.80020710059, 0, 0
0.42166863905, 89.15666272189, -0.42166863905, 1.26500591716, 88.73499408284, 0.84333727811, 0, 0
0.44387684911, 89.11224630178, -0.44387684911, 1.33163054734, 88.66836945266, 0.88775369822, 0, 0
0.46671449704, 89.06657100592, -0.46671449704, 1.40014349112, 88.59985650888, 0.93342899408, 0, 0
0.49016789941, 89.01966420118, -0.49016789941, 1.47050369822, 88.52949630178, 0.98033579882, 0, 0
0.51422337278, 88.97155325444, -0.51422337278, 1.54267011834, 88.45732988166, 1.02844674556, 0, 0
0.53886723373, 88.92226553254, -0.53886723373, 1.61660170118, 88.38339829882, 1.07773446746, 0, 0
0.56408579882, 88.87182840237, -0.56408579882, 1.69225739645, 88.30774260355, 1.12817159763, 0, 0
0.58986538462, 88.82026923077, -0.58986538462, 1.76959615385, 88.23040384615, 1.17973076923, 0, 0
0.61619230769, 88.76761538462, -0.61619230769, 1.84857692308, 88.15142307692, 1.23238461538, 0, 0
0.64305288462, 88.71389423077, -0.64305288462, 1.92915865385, 88.07084134615, 1.28610576923, 0, 0
0.67043343195, 88.65913313609, -0.67043343195, 2.01130029586, 87.98869970414, 1.34086686391, 0, 0
0.69832026627, 88.60335946746, -0.69832026627, 2.09496079882, 87.90503920118, 1.39664053254, 0, 0
0.72669970414, 88.54660059172, -0.72669970414, 2.18009911243, 87.81990088757, 1.45339940828, 0, 0
0.75555806213, 88.48888387574, -0.75555806213, 2.26667418639, 87.73332581361, 1.51111612426, 0, 0
0.78488165680, 88.43023668639, -0.78488165680, 2.35464497041, 87.64535502959, 1.56976331361, 0, 0
0.81465680473, 88.37068639053, -0.81465680473, 2.44397041420, 87.55602958580, 1.62931360947, 0, 0
0.84486982249, 88.31026035503, -0.84486982249, 2.53460946746, 87.46539053254, 1.68973964497, 0, 0
0.87550702663, 88.24898594675, -0.87550702663, 2.62652107988, 87.37347892012, 1.75101405325, 0, 0
0.90655473373, 88.18689053254, -0.90655473373, 2.71966420118, 87.28033579882, 1.81310946746, 0, 0
0.93799926036, 88.12400147929, -0.93799926036, 2.81399778107, 87.18600221893, 1.87599852071, 0, 0
0.96982692308, 88.06034615385, -0.96982692308, 2.90948076923, 87.09051923077, 1.93965384615, 0, 0
1.00202403846, 87.99595192308, -1.00202403846, 3.00607211538, 86.99392788462, 2.00404807692, 0, 0
1.03457692308, 87.93084615385, -1.03457692308, 3.10373076923, 86.89626923077, 2.06915384615, 0, 0
1.06747189349, 87.86505621302, -1.06747189349, 3.20241568047, 86.79758431953, 2.13494378698, 0, 0
1.10069526627, 87.79860946746, -1.10069526627, 3.30208579882, 86.69791420118, 2.20139053254, 0, 0
1.13423335799, 87.73153328402, -1.13423335799, 3.40270007396, 86.59729992604, 2.26846671598, 0, 0
1.16807248521, 87.66385502959, -1.16807248521, 3.50421745562, 86.49578254438, 2.33614497041, 0, 0
1.20219896450, 87.59560207101, -1.20219896450, 3.60659689349, 86.39340310651, 2.40439792899, 0, 0
1.23659911243, 87.52680177515, -1.23659911243, 3.70979733728, 86.29020266272, 2.47319822485, 0, 0
1.27125924556, 87.45748150888, -1.27125924556, 3.81377773669, 86.18622226331, 2.54251849112, 0, 0
1.30616568047, 87.38766863905, -1.30616568047, 3.91849704142, 86.08150295858, 2.61233136095, 0, 0
1.34130473373, 87.31739053254, -1.34130473373, 4.02391420118, 85.97608579882, 2.68260946746, 0, 0
1.37666272189, 87.24667455621, -1.37666272189, 4.12998816568, 85.87001183432, 2.75332544379, 0, 0
1.41222596154, 87.17554807692, -1.41222596154, 4.23667788462, 85.76332211538, 2.82445192308, 0, 0
1.44798076923, 87.10403846154, -1.44798076923, 4.34394230769, 85.65605769231, 2.89596153846, 0, 0
1.48391346154, 87.03217307692, -1.48391346154, 4.45174038462, 85.54825961538, 2.96782692308, 0, 0
1.52001035503, 86.95997928994, -1.52001035503, 4.56003106509, 85.43996893491, 3.04002071006, 0, 0
1.55625776627, 86.88748446746, -1.55625776627, 4.66877329882, 85.33122670118, 3.11251553254, 0, 0
1.59264201183, 86.81471597633, -1.59264201183, 4.77792603550, 85.22207396450, 3.18528402367, 0, 0
1.62914940828, 86.74170118343, -1.62914940828, 4.88744822485, 85.11255177515, 3.25829881657, 0, 0
1.66576627219, 86.66846745562, -1.66576627219, 4.99729881657, 85.00270118343, 3.33153254438, 0, 0
1.70247892012, 86.59504215976, -1.70247892012, 5.10743676036, 84.89256323964, 3.40495784024, 0, 0
1.73927366864, 86.52145266272, -1.73927366864, 5.21782100592, 84.78217899408, 3.47854733728, 0, 0
1.77613683432, 86.44772633136, -1.77613683432, 5.32841050296, 84.67158949704, 3.55227366864, 0, 0
1.81305473373, 86.37389053254, -1.81305473373, 5.43916420118, 84.56083579882, 3.62610946746, 0, 0
1.85001368343, 86.29997263314, -1.85001368343, 5.55004105030, 84.44995894970, 3.70002736686, 0, 0
1.88700000000, 86.22600000000, -1.88700000000, 5.66100000000, 84.33900000000, 3.77400000000, 0, 0
1.92400000000, 86.15200000000, -1.92400000000, 5.77200000000, 84.22800000000, 3.84800000000, 0, 0
1.96100000000, 86.07800000000, -1.96100000000, 5.88300000000, 84.11700000000, 3.92200000000, 0, 0
1.99800000000, 86.00400000000, -1.99800000000, 5.99400000000, 84.00600000000, 3.99600000000, 0, 0
2.03500000000, 85.93000000000, -2.03500000000, 6.10500000000, 83.89500000000, 4.07000000000, 0, 0
2.07200000000, 85.85600000000, -2.07200000000, 6.21600000000, 83.78400000000, 4.14400000000, 0, 0
2.10900000000, 85.78200000000, -2.10900000000, 6.32700000000, 83.67300000000, 4.21800000000, 0, 0
2.14600000000, 85.70800000000, -2.14600000000, 6.43800000000, 83.56200000000, 4.29200000000, 0, 0
2.18300000000, 85.63400000000, -2.18300000000, 6.54900000000, 83.45100000000, 4.36600000000, 0, 0
2.22000000000, 85.56000000000, -2.22000000000, 6.66000000000, 83.34000000000, 4.44000000000, 0, 0
2.25700000000, 85.48600000000, -2.25700000000, 6.77100000000, 83.22900000000, 4.51400000000, 0, 0
2.29400000000, 85.41200000000, -2.29400000000, 6.88200000000, 83.11800000000, 4.58800000000, 0, 0
2.33100000000, 85.33800000000, -2.33100000000, 6.99300000000, 83.00700000000, 4.66200000000, 0, 0
2.36800000000, 85.26400000000, -2.36800000000, 7.10400000000, 82.89600000000, 4.73600000000, 0, 0
2.40500000000, 85.19000000000, -2.40500000000, 7.21500000000, 82.78500000000, 4.81000000000, 0, 0
2.44200000000, 85.11600000000, -2.44200000000, 7.32600000000, 82.67400000000, 4.88400000000, 0, 0
2.47900000000, 85.04200000000, -2.47900000000, 7.43700000000, 82.56300000000, 4.95800000000, 0, 0
2.51600000000, 84.96800000000, -2.51600000000, 7.54800000000, 82.45200000000, 5.03200000000, 0, 0
2.55300000000, 84.89400000000, -2.55300000000, 7.65900000000, 82.34100000000, 5.10600000000, 0, 0
2.59000000000, 84.82000000000, -2.59000000000, 7.77000000000, 82.23000000000, 5.18000000000, 0, 0
2.62700000000, 84.74600000000, -2.62700000000, 7.88100000000, 82.11900000000, 5.25400000000, 0, 0
2.66400000000, 84.67200000000, -2.66400000000, 7.99200000000, 82.00800000000, 5.32800000000, 0, 0
2.70100000000, 84.59800000000, -2.70100000000, 8.10300000000, 81.89700000000, 5.40200000000, 0, 0
2.73800000000, 84.52400000000, -2.73800000000, 8.21400000000, 81.78600000000, 5.47600000000, 0, 0
2.77500000000, 84.45000000000, -2.77500000000, 8.32500000000, 81.67500000000, 5.55000000000, 0, 0
2.81200000000, 84.37600000000, -2.81200000000, 8.43600000000, 81.56400000000, 5.62400000000, 0, 0
2.84900000000, 84.30200000000, -2.84900000000, 8.54700000000, 81.45300000000, 5.69800000000, 0, 0
2.88600000000, 84.22800000000, -2.88600000000, 8.65800000000, 81.34200000000, 5.77200000000, 0, 0
2.92300000000, 84.15400000000, -2.92300000000, 8.76900000000, 81.23100000000, 5.84600000000, 0, 0
2.96000000000, 84.08000000000, -2.96000000000, 8.88000000000, 81.12000000000, 5.92000000000, 0, 0
2.99700000000, 84.00600000000, -2.99700000000, 8.99100000000, 81.00900000000, 5.99400000000, 0, 0
3.03400000000, 83.93200000000, -3.03400000000, 9.10200000000, 80.89800000000, 6.06800000000, 0, 0
3.07100000000, 83.85800000000, -3.07100000000, 9.21300000000, 80.78700000000, 6.14200000000, 0, 0
3.10800000000, 83.78400000000, -3.10800000000, 9.32400000000, 80.67600000000, 6.21600000000, 0, 0
3.14500000000, 83.71000000000, -3.14500000000, 9.43500000000, 80.56500000000, 6.29000000000, 0, 0
3.18200000000, 83.63600000000, -3.18200000000, 9.54600000000, 80.45400000000, 6.36400000000, 0, 0
3.21900000000, 83.56200000000, -3.21900000000, 9.65700000000, 80.34300000000, 6.43800000000, 0, 0
3.25600000000, 83.48800000000, -3.25600000000, 9.76800000000, 80.23200000000, 6.51200000000, 0, 0
3.29300000000, 83.41400000000, -3.29300000000, 9.87900000000, 80.12100000000, 6.58600000000, 0, 0
3.33000000000, 83.34000000000, -3.33000000000, 9.99000000000, 80.01000000000, 6.66000000000, 0, 0
3.36700000000, 83.26600000000, -3.36700000000, 10.10100000000, 79.89900000000, 6.73400000000, 0, 0
3.40400000000, 83.19200000000, -3.40400000000, 10.21200000000, 79.78800000000, 6.80800000000, 0, 0
3.44100000000, 83.11800000000, -3.44100000000, 10.32300000000, 79.67700000000, 6.88200000000, 0, 0
3.47800000000, 83.04400000000, -3.47800000000, 10.43400000000, 79.56600000000, 6.95600000000, 0, 0
3.51500000000, 82.97000000000, -3.51500000000, 10.54500000000, 79.45500000000, 7.03000000000, 0, 0
3.55200000000, 82.89600000000, -3.55200000000, 10.65600000000, 79.34400000000, 7.10400000000, 0, 0
3.58900000000, 82.82200000000, -3.58900000000, 10.76700000000, 79.23300000000, 7.17800000000, 0, 0
3.62600000000, 82.74800000000, -3.62600000000, 10.87800000000, 79.12200000000, 7.25200000000, 0, 0
3.66300000000, 82.67400000000, -3.66300000000, 10.98900000000, 79.01100000000, 7.32600000000, 0, 0
3.70000000000, 82.60000000000, -3.70000000000, 11.10000000000, 78.90000000000, 7.40000000000, 0, 0
3.73700000000, 82.52600000000, -3.73700000000, 11.21100000000, 78.78900000000, 7.47400000000, 0, 0
3.77400000000, 82.45200000000, -3.77400000000, 11.32200000000, 78.67800000000, 7.54800000000, 0, 0
3.81100000000, 82.37800000000, -3.81100000000, 11.43300000000, 78.56700000000, 7.62200000000, 0, 0
3.84800000000, 82.30400000000, -3.84800000000, 11.54400000000, 78.45600000000, 7.69600000000, 0, 0
3.88500000000, 82.23000000000, -3.88500000000, 11.65500000000, 78.34500000000, 7.77000000000, 0, 0
3.92200000000, 82.15600000000, -3.92200000000, 11.76600000000, 78.23400000000, 7.84400000000, 0, 0
3.95900000000, 82.08200000000, -3.95900000000, 11.87700000000, 78.12300000000, 7.91800000000, 0, 0
3.99600000000, 82.00800000000, -3.99600000000, 11.98800000000, 78.01200000000, 7.99200000000, 0, 0
4.03300000000, 81.93400000000, -4.03300000000, 12.09900000000, 77.90100000000, 8.06600000000, 0, 0
4.07000000000, 81.86000000000, -4.07000000000, 12.21000000000, 77.79000000000, 8.14000000000, 0, 0
4.10700000000, 81.78600000000, -4.10700000000, 12.32100000000, 77.67900000000, 8.21400000000, 0, 0
4.14400000000, 81.71200000000, -4.14400000000, 12.43200000000, 77.56800000000, 8.28800000000, 0, 0
4.18100000000, 81.63800000000, -4.18100000000, 12.54300000000, 77.45700000000, 8.36200000000, 0, 0
4.21800000000, 81.56400000000, -4.21800000000, 12.65400000000, 77.34600000000, 8.43600000000, 0, 0
4.25500000000, 81.49000000000, -4.25500000000, 12.76500000000, 77.23500000000, 8.51000000000, 0, 0
4.29200000000, 81.41600000000, -4.29200000000, 12.87600000000, 77.12400000000, 8.58400000000, 0, 0
4.32900000000, 81.34200000000, -4.32900000000, 12.98700000000, 77.01300000000, 8.65800000000, 0, 0
4.36600000000, 81.26800000000, -4.36600000000, 13.09800000000, 76.90200000000, 8.73200000000, 0, 0
4.40300000000, 81.19400000000, -4.40300000000, 13.20900000000, 76.79100000000, 8.80600000000, 0, 0
4.44000000000, 81.12000000000, -4.44000000000, 13.32000000000, 76.68000000000, 8.88000000000, 0, 0
4.47700000000, 81.04600000000, -4.47700000000, 13.43100000000, 76.56900000000, 8.95400000000, 0, 0
4.51400000000, 80.97200000000, -4.51400000000, 13.54200000000, 76.45800000000, 9.02800000000, 0, 0
4.55100000000, 80.89800000000, -4.55100000000, 13.65300000000, 76.34700000000, 9.10200000000, 0, 0
4.58800000000, 80.82400000000, -4.58800000000, 13.76400000000, 76.23600000000, 9.17600000000, 0, 0
4.62500000000, 80.75000000000, -4.62500000000, 13.87500000000, 76.12500000000, 9.25000000000, 0, 0
4.66200000000, 80.67600000000, -4.66200000000, 13.98600000000, 76.01400000000, 9.32400000000, 0, 0
4.69900000000, 80.60200000000, -4.69900000000, 14.09700000000, 75.90300000000, 9.39800000000, 0, 0
4.73600000000, 80.52800000000, -4.73600000000, 14.20800000000, 75.79200000000, 9.47200000000, 0, 0
4.77300000000, 80.45400000000, -4.77300000000, 14.31900000000, 75.68100000000, 9.54600000000, 0, 0
4.81000000000, 80.38000000000, -4.81000000000, 14.43000000000, 75.57000000000, 9.62000000000, 0, 0
4.84700000000, 80.30600000000, -4.84700000000, 14.54100000000, 75.45900000000, 9.69400000000, 0, 0
4.88400000000, 80.23200000000, -4.88400000000, 14.65200000000, 75.34800000000, 9.76800000000, 0, 0
4.92100000000, 80.15800000000, -4.92100000000, 14.76300000000, 75.23700000000, 9.84200000000, 0, 0
4.95800000000, 80.08400000000, -4.95800000000, 14.87400000000, 75.12600000000, 9.91600000000, 0, 0
4.99500000000, 80.01000000000, -4.99500000000, 14.98500000000, 75.01500000000, 9.99000000000, 0, 0
5.03200000000, 79.93600000000, -5.03200000000, 15.09600000000, 74.90400000000, 10.06400000000, 0, 0
5.06900000000, 79.86200000000, -5.06900000000, 15.20700000000, 74.79300000000, 10.13800000000, 0, 0
5.10600000000, 79.78800000000, -5.10600000000, 15.31800000000, 74.68200000000, 10.21200000000, 0, 0
5.14300000000, 79.71400000000, -5.14300000000, 15.42900000000, 74.57100000000, 10.28600000000, 0, 0
5.18000000000, 79.64000000000, -5.18000000000, 15.54000000000, 74.46000000000, 10.36000000000, 0, 0
5.21700000000, 79.56600000000, -5.21700000000, 15.65100000000, 74.34900000000, 10.43400000000, 0, 0
5.25400000000, 79.49200000000, -5.25400000000, 15.76200000000, 74.23800000000, 10.50800000000, 0, 0
5.29100000000, 79.41800000000, -5.29100000000, 15.87300000000, 74.12700000000, 10.58200000000, 0, 0
5.32800000000, 79.34400000000, -5.32800000000, 15.98400000000, 74.01600000000, 10.65600000000, 0, 0
5.36500000000, 79.27000000000, -5.36500000000, 16.09500000000, 73.90500000000, 10.73000000000, 0, 0
5.40200000000, 79.19600000000, -5.40200000000, 16.20600000000, 73.79400000000, 10.80400000000, 0, 0
5.43900000000, 79.12200000000, -5.43900000000, 16.31700000000, 73.68300000000, 10.87800000000, 0, 0
5.47600000000, 79.04800000000, -5.47600000000, 16.42800000000, 73.57200000000, 10.95200000000, 0, 0
5.51300000000, 78.97400000000, -5.51300000000, 16.53900000000, 73.46100000000, 11.02600000000, 0, 0
5.55000000000, 78.90000000000, -5.55000000000, 16.65000000000, 73.35000000000, 11.10000000000, 0, 0
5.58700000000, 78.82600000000, -5.58700000000, 16.76100000000, 73.23900000000, 11.17400000000, 0, 0
5.62400000000, 78.75200000000, -5.62400000000, 16.87200000000, 73.12800000000, 11.24800000000, 0, 0
5.66100000000, 78.67800000000, -5.66100000000, 16.98300000000, 73.01700000000, 11.32200000000, 0, 0
5.69800000000, 78.60400000000, -5.69800000000, 17.09400000000, 72.90600000000, 11.39600000000, 0, 0
5.73500000000, 78.53000000000, -5.73500000000, 17.20500000000, 72.79500000000, 11.47000000000, 0, 0
5.77200000000, 78.45600000000, -5.77200000000, 17.31600000000, 72.68400000000, 11.54400000000, 0, 0
5.80900000000, 78.38200000000, -5.80900000000, 17.42700000000, 72.57300000000, 11.61800000000, 0, 0
5.84600000000, 78.30800000000, -5.84600000000, 17.53800000000, 72.46200000000, 11.69200000000, 0, 0
5.88300000000, 78.23400000000, -5.88300000000, 17.64900000000, 72.35100000000, 11.76600000000, 0, 0
5.92000000000, 78.16000000000, -5.92000000000, 17.76000000000, 72.24000000000, 11.84000000000, 0, 0
5.95700000000, 78.08600000000, -5.95700000000, 17.87100000000, 72.12900000000, 11.91400000000, 0, 0
5.99400000000, 78.01200000000, -5.99400000000, 17.98200000000, 72.01800000000, 11.98800000000, 0, 0
6.03100000000, 77.93800000000, -6.03100000000, 18.09300000000, 71.90700000000, 12.06200000000, 0, 0
6.06800000000, 77.86400000000, -6.06800000000, 18.20400000000, 71.79600000000, 12.13600000000, 0, 0
6.10500000000, 77.79000000000, -6.10500000000, 18.31500000000, 71.68500000000, 12.21000000000, 0, 0
6.14200000000, 77.71600000000, -6.14200000000, 18.42600000000, 71.57400000000, 12.28400000000, 0, 0
6.17900000000, 77.64200000000, -6.17900000000, 18.53700000000, 71.46300000000, 12.35800000000, 0, 0
6.21600000000, 77.56800000000, -6.21600000000, 18.64800000000, 71.35200000000, 12.43200000000, 0, 0
6.25300000000, 77.49400000000, -6.25300000000, 18.75900000000, 71.24100000000, 12.50600000000, 0, 0
6.29000000000, 77.42000000000, -6.29000000000, 18.87000000000, 71.13000000000, 12.58000000000, 0, 0
6.32700000000, 77.34600000000, -6.32700000000, 18.98100000000, 71.01900000000, 12.65400000000, 0, 0
6.36400000000, 77.27200000000, -6.36400000000, 19.09200000000, 70.90800000000, 12.72800000000, 0, 0
6.40100000000, 77.19800000000, -6.40100000000, 19.20300000000, 70.79700000000, 12.80200000000, 0, 0
6.43800000000, 77.12400000000, -6.43800000000, 19.31400000000, 70.68600000000, 12.87600000000, 0, 0
6.47500000000, 77.05000000000, -6.47500000000, 19.42500000000, 70.57500000000, 12.95000000000, 0, 0
6.51200000000, 76.97600000000, -6.51200000000, 19.53600000000, 70.46400000000, 13.02400000000, 0, 0
6.54900000000, 76.90200000000, -6.54900000000, 19.64700000000, 70.35300000000, 13.09800000000, 0, 0
6.58600000000, 76.82800000000, -6.58600000000, 19.75800000000, 70.24200000000, 13.17200000000, 0, 0
6.62300000000, 76.75400000000, -6.62300000000, 19.86900000000, 70.13100000000, 13.24600000000, 0, 0
6.66000000000, 76.68000000000, -6.66000000000, 19.98000000000, 70.02000000000, 13.32000000000, 0, 0
6.69700000000, 76.60600000000, -6.69700000000, 20.09100000000, 69.90900000000, 13.39400000000, 0, 0
6.73400000000, 76.53200000000, -6.73400000000, 20.20200000000, 69.79800000000, 13.46800000000, 0, 0
6.77100000000, 76.45800000000, -6.77100000000, 20.31300000000, 69.68700000000, 13.54200000000, 0, 0
6.80800000000, 76.38400000000, -6.80800000000, 20.42400000000, 69.57600000000, 13.61600000000, 0, 0
6.84500000000, 76.31000000000, -6.84500000000, 20.53500000000, 69.46500000000, 13.69000000000, 0, 0
6.88200000000, 76.23600000000, -6.88200000000, 20.64600000000, 69.35400000000, 13.76400000000, 0, 0
6.91900000000, 76.16200000000, -6.91900000000, 20.75700000000, 69.24300000000, 13.83800000000, 0, 0
6.95600000000, 76.08800000000, -6.95600000000, 20.86800000000, 69.13200000000, 13.91200000000, 0, 0
6.99300000000, 76.01400000000, -6.99300000000, 20.97900000000, 69.02100000000, 13.98600000000, 0, 0
7.03000000000, 75.94000000000, -7.03000000000, 21.09000000000, 68.91000000000, 14.06000000000, 0, 0
7.06700000000, 75.86600000000, -7.06700000000, 21.20100000000, 68.79900000000, 14.13400000000, 0, 0
7.10400000000, 75.79200000000, -7.10400000000, 21.31200000000, 68.68800000000, 14.20800000000, 0, 0
7.14100000000, 75.71800000000, -7.14100000000, 21.42300000000, 68.57700000000, 14.28200000000, 0, 0
7.17800000000, 75.64400000000, -7.17800000000, 21.53400000000, 68.46600000000, 14.35600000000, 0, 0
7.21500000000, 75.57000000000, -7.21500000000, 21.64500000000, 68.35500000000, 14.43000000000, 0, 0
7.25200000000, 75.49600000000, -7.25200000000, 21.75600000000, 68.24400000000, 14.50400000000, 0, 0
7.28900000000, 75.42200000000, -7.28900000000, 21.86700000000, 68.13300000000, 14.57800000000, 0, 0
7.32600000000, 75.34800000000, -7.32600000000, 21.97800000000, 68.02200000000, 14.65200000000, 0, 0
7.36300000000, 75.27400000000, -7.36300000000, 22.08900000000, 67.91100000000, 14.72600000000, 0, 0
7.40000000000, 75.20000000000, -7.40000000000, 22.20000000000, 67.80000000000, 14.80000000000, 0, 0
7.43700000000, 75.12600000000, -7.43700000000, 22.31100000000, 67.68900000000, 14.87400000000, 0, 0
7.47400000000, 75.05200000000, -7.47400000000, 22.42200000000, 67.57800000000, 14.94800000000, 0, 0
7.51100000000, 74.97800000000, -7.51100000000, 22.53300000000, 67.46700000000, 15.02200000000, 0, 0
7.54800000000, 74.90400000000, -7.54800000000, 22.64400000000, 67.35600000000, 15.09600000000, 0, 0
7.58500000000, 74.83000000000, -7.58500000000, 22.75500000000, 67.24500000000, 15.17000000000, 0, 0
7.62200000000, 74.75600000000, -7.62200000000, 22.86600000000, 67.13400000000, 15.24400000000, 0, 0
7.65900000000, 74.68200000000, -7.65900000000, 22.97700000000, 67.02300000000, 15.31800000000, 0, 0
7.69600000000, 74.60800000000, -7.69600000000, 23.08800000000, 66.91200000000, 15.39200000000, 0, 0
7.73300000000, 74.53400000000, -7.73300000000, 23.19900000000, 66.80100000000, 15.46600000000, 0, 0
7.77000000000, 74.46000000000, -7.77000000000, 23.31000000000, 66.69000000000, 15.54000000000, 0, 0
7.80700000000, 74.38600000000, -7.80700000000, 23.42100000000, 66.57900000000, 15.61400000000, 0, 0
7.84400000000, 74.31200000000, -7.84400000000, 23.53200000000, 66.46800000000, 15.68800000000, 0, 0
7.88100000000, 74.23800000000, -7.88100000000, 23.64300000000, 66.35700000000, 15.76200000000, 0, 0
7.91800000000, 74.16400000000, -7.91800000000, 23.75400000000, 66.24600000000, 15.83600000000, 0, 0
7.95500000000, 74.09000000000, -7.95500000000, 23.86500000000, 66.13500000000, 15.91000000000, 0, 0
7.99200000000, 74.01600000000, -7.99200000000, 23.97600000000, 66.02400000000, 15.98400000000, 0, 0
8.02900000000, 73.94200000000, -8.02900000000, 24.08700000000, 65.91300000000, 16.05800000000, 0, 0
8.06600000000, 73.86800000000, -8.06600000000, 24.19800000000, 65.80200000000, 16.13200000000, 0, 0
8.10300000000, 73.79400000000, -8.10300000000, 24.30900000000, 65.69100000000, 16.20600000000, 0, 0
8.14000000000, 73.72000000000, -8.14000000000, 24.42000000000, 65.58000000000, 16.28000000000, 0, 0
8.17700000000, 73.64600000000, -8.17700000000, 24.53100000000, 65.46900000000, 16.35400000000, 0, 0
8.21398920000, 73.57202160000, -8.21398920000, 24.64196760000, 65.35803240000, 16.42797840000, 0, 0
8.25095280000, 73.49809440000, -8.25095280000, 24.75285840000, 65.24714160000, 16.50190560000, 0, 0
8.28787600000, 73.42424800000, -8.28787600000, 24.86362800000, 65.13637200000, 16.57575200000, 0, 0
8.32474400000, 73.35051200000, -8.32474400000, 24.97423200000, 65.02576800000, 16.64948800000, 0, 0
8.36154200000, 73.27691600000, -8.36154200000, 25.08462600000, 64.91537400000, 16.72308400000, 0, 0
8.39825520000, 73.20348960000, -8.39825520000, 25.19476560000, 64.80523440000, 16.79651040000, 0, 0
8.43486880000, 73.13026240000, -8.43486880000, 25.30460640000, 64.69539360000, 16.86973760000, 0, 0
8.47136800000, 73.05726400000, -8.47136800000, 25.41410400000, 64.58589600000, 16.94273600000, 0, 0
8.50773800000, 72.98452400000, -8.50773800000, 25.52321400000, 64.47678600000, 17.01547600000, 0, 0
8.54396400000, 72.91207200000, -8.54396400000, 25.63189200000, 64.36810800000, 17.08792800000, 0, 0
8.58003120000, 72.83993760000, -8.58003120000, 25.74009360000, 64.25990640000, 17.16006240000, 0, 0
8.61592480000, 72.76815040000, -8.61592480000, 25.84777440000, 64.15222560000, 17.23184960000, 0, 0
8.65163000000, 72.69674000000, -8.65163000000, 25.95489000000, 64.04511000000, 17.30326000000, 0, 0
8.68713200000, 72.62573600000, -8.68713200000, 26.06139600000, 63.93860400000, 17.37426400000, 0, 0
8.72241600000, 72.55516800000, -8.72241600000, 26.16724800000, 63.83275200000, 17.44483200000, 0, 0
8.75746720000, 72.48506560000, -8.75746720000, 26.27240160000, 63.72759840000, 17.51493440000, 0, 0
8.79227080000, 72.41545840000, -8.79227080000, 26.37681240000, 63.62318760000, 17.58454160000, 0, 0
8.82681200000, 72.34637600000, -8.82681200000, 26.48043600000, 63.51956400000, 17.65362400000, 0, 0
8.86107600000, 72.27784800000, -8.86107600000, 26.58322800000, 63.41677200000, 17.72215200000, 0, 0
8.89504800000, 72.20990400000, -8.89504800000, 26.68514400000, 63.31485600000, 17.79009600000, 0, 0
8.92871320000, 72.14257360000, -8.92871320000, 26.78613960000, 63.21386040000, 17.85742640000, 0, 0
8.96205680000, 72.07588640000, -8.96205680000, 26.88617040000, 63.11382960000, 17.92411360000, 0, 0
8.99506400000, 72.00987200000, -8.99506400000, 26.98519200000, 63.01480800000, 17.99012800000, 0, 0
9.02772000000, 71.94456000000, -9.02772000000, 27.08316000000, 62.91684000000, 18.05544000000, 0, 0
9.06001000000, 71.87998000000, -9.06001000000, 27.18003000000, 62.81997000000, 18.12002000000, 0, 0
9.09191920000, 71.81616160000, -9.09191920000, 27.27575760000, 62.72424240000, 18.18383840000, 0, 0
9.12343280000, 71.75313440000, -9.12343280000, 27.37029840000, 62.62970160000, 18.24686560000, 0, 0
9.15453600000, 71.69092800000, -9.15453600000, 27.46360800000, 62.53639200000, 18.30907200000, 0, 0
9.18521400000, 71.62957200000, -9.18521400000, 27.55564200000, 62.44435800000, 18.37042800000, 0, 0
9.21545200000, 71.56909600000, -9.21545200000, 27.64635600000, 62.35364400000, 18.43090400000, 0, 0
9.24523520000, 71.50952960000, -9.24523520000, 27.73570560000, 62.26429440000, 18.49047040000, 0, 0
9.27454880000, 71.45090240000, -9.27454880000, 27.82364640000, 62.17635360000, 18.54909760000, 0, 0
9.30337800000, 71.39324400000, -9.30337800000, 27.91013400000, 62.08986600000, 18.60675600000, 0, 0
9.33170800000, 71.33658400000, -9.33170800000, 27.99512400000, 62.00487600000, 18.66341600000, 0, 0
9.35952400000, 71.28095200000, -9.35952400000, 28.07857200000, 61.92142800000, 18.71904800000, 0, 0
9.38681120000, 71.22637760000, -9.38681120000, 28.16043360000, 61.83956640000, 18.77362240000, 0, 0
9.41355480000, 71.17289040000, -9.41355480000, 28.24066440000, 61.75933560000, 18.82710960000, 0, 0
9.43974000000, 71.12052000000, -9.43974000000, 28.31922000000, 61.68078000000, 18.87948000000, 0, 0
9.46535200000, 71.06929600000, -9.46535200000, 28.39605600000, 61.60394400000, 18.93070400000, 0, 0
9.49037600000, 71.01924800000, -9.49037600000, 28.47112800000, 61.52887200000, 18.98075200000, 0, 0
9.51479720000, 70.97040560000, -9.51479720000, 28.54439160000, 61.45560840000, 19.02959440000, 0, 0
9.53860080000, 70.92279840000, -9.53860080000, 28.61580240000, 61.38419760000, 19.07720160000, 0, 0
9.56177200000, 70.87645600000, -9.56177200000, 28.68531600000, 61.31468400000, 19.12354400000, 0, 0
9.58429600000, 70.83140800000, -9.58429600000, 28.75288800000, 61.24711200000, 19.16859200000, 0, 0
9.60615800000, 70.78768400000, -9.60615800000, 28.81847400000, 61.18152600000, 19.21231600000, 0, 0
9.62734320000, 70.74531360000, -9.62734320000, 28.88202960000, 61.11797040000, 19.25468640000, 0, 0
9.64783680000, 70.70432640000, -9.64783680000, 28.94351040000, 61.05648960000, 19.29567360000, 0, 0
9.66762400000, 70.66475200000, -9.66762400000, 29.00287200000, 60.99712800000, 19.33524800000, 0, 0
9.68669000000, 70.62662000000, -9.68669000000, 29.06007000000, 60.93993000000, 19.37338000000, 0, 0
9.70502000000, 70.58996000000, -9.70502000000, 29.11506000000, 60.88494000000, 19.41004000000, 0, 0
9.72262080000, 70.55475840000, -9.72262080000, 29.16786240000, 60.83213760000, 19.44524160000, 0, 0
9.73950720000, 70.52098560000, -9.73950720000, 29.21852160000, 60.78147840000, 19.47901440000, 0, 0
9.75569400000, 70.48861200000, -9.75569400000, 29.26708200000, 60.73291800000, 19.51138800000, 0, 0
9.77119600000, 70.45760800000, -9.77119600000, 29.31358800000, 60.68641200000, 19.54239200000, 0, 0
9.78602800000, 70.42794400000, -9.78602800000, 29.35808400000, 60.64191600000, 19.57205600000, 0, 0
9.80020480000, 70.39959040000, -9.80020480000, 29.40061440000, 60.59938560000, 19.60040960000, 0, 0
9.81374120000, 70.37251760000, -9.81374120000, 29.44122360000, 60.55877640000, 19.62748240000, 0, 0
9.82665200000, 70.34669600000, -9.82665200000, 29.47995600000, 60.52004400000, 19.65330400000, 0, 0
9.83895200000, 70.32209600000, -9.83895200000, 29.51685600000, 60.48314400000, 19.67790400000, 0, 0
9.85065600000, 70.29868800000, -9.85065600000, 29.55196800000, 60.44803200000, 19.70131200000, 0, 0
9.86177880000, 70.27644240000, -9.86177880000, 29.58533640000, 60.41466360000, 19.72355760000, 0, 0
9.87233520000, 70.25532960000, -9.87233520000, 29.61700560000, 60.38299440000, 19.74467040000, 0, 0
9.88234000000, 70.23532000000, -9.88234000000, 29.64702000000, 60.35298000000, 19.76468000000, 0, 0
9.89180800000, 70.21638400000, -9.89180800000, 29.67542400000, 60.32457600000, 19.78361600000, 0, 0
9.90075400000, 70.19849200000, -9.90075400000, 29.70226200000, 60.29773800000, 19.80150800000, 0, 0
9.90919280000, 70.18161440000, -9.90919280000, 29.72757840000, 60.27242160000, 19.81838560000, 0, 0
9.91713920000, 70.16572160000, -9.91713920000, 29.75141760000, 60.24858240000, 19.83427840000, 0, 0
9.92460800000, 70.15078400000, -9.92460800000, 29.77382400000, 60.22617600000, 19.84921600000, 0, 0
9.93161400000, 70.13677200000, -9.93161400000, 29.79484200000, 60.20515800000, 19.86322800000, 0, 0
9.93817200000, 70.12365600000, -9.93817200000, 29.81451600000, 60.18548400000, 19.87634400000, 0, 0
9.94429680000, 70.11140640000, -9.94429680000, 29.83289040000, 60.16710960000, 19.88859360000, 0, 0
9.95000320000, 70.09999360000, -9.95000320000, 29.85000960000, 60.14999040000, 19.90000640000, 0, 0
9.95530600000, 70.08938800000, -9.95530600000, 29.86591800000, 60.13408200000, 19.91061200000, 0, 0
9.96022000000, 70.07956000000, -9.96022000000, 29.88066000000, 60.11934000000, 19.92044000000, 0, 0
9.96476000000, 70.07048000000, -9.96476000000, 29.89428000000, 60.10572000000, 19.92952000000, 0, 0
9.96894080000, 70.06211840000, -9.96894080000, 29.90682240000, 60.09317760000, 19.93788160000, 0, 0
9.97277720000, 70.05444560000, -9.97277720000, 29.91833160000, 60.08166840000, 19.94555440000, 0, 0
9.97628400000, 70.04743200000, -9.97628400000, 29.92885200000, 60.07114800000, 19.95256800000, 0, 0
9.97947600000, 70.04104800000, -9.97947600000, 29.93842800000, 60.06157200000, 19.95895200000, 0, 0
9.98236800000, 70.03526400000, -9.98236800000, 29.94710400000, 60.05289600000, 19.96473600000, 0, 0
9.98497480000, 70.03005040000, -9.98497480000, 29.95492440000, 60.04507560000, 19.96994960000, 0, 0
9.98731120000, 70.02537760000, -9.98731120000, 29.96193360000, 60.03806640000, 19.97462240000, 0, 0
9.98939200000, 70.02121600000, -9.98939200000, 29.96817600000, 60.03182400000, 19.97878400000, 0, 0
9.99123200000, 70.01753600000, -9.99123200000, 29.97369600000, 60.02630400000, 19.98246400000, 0, 0
9.99284600000, 70.01430800000, -9.99284600000, 29.97853800000, 60.02146200000, 19.98569200000, 0, 0
9.99424880000, 70.01150240000, -9.99424880000, 29.98274640000, 60.01725360000, 19.98849760000, 0, 0
9.99545520000, 70.00908960000, -9.99545520000, 29.98636560000, 60.01363440000, 19.99091040000, 0, 0
9.99648000000, 70.00704000000, -9.99648000000, 29.98944000000, 60.01056000000, 19.99296000000, 0, 0
9.99733800000, 70.00532400000, -9.99733800000, 29.99201400000, 60.00798600000, 19.99467600000, 0, 0
9.99804400000, 70.00391200000, -9.99804400000, 29.99413200000, 60.00586800000, 19.99608800000, 0, 0
9.99861280000, 70.00277440000, -9.99861280000, 29.99583840000, 60.00416160000, 19.99722560000, 0, 0
9.99905920000, 70.00188160000, -9.99905920000, 29.99717760000, 60.00282240000, 19.99811840000, 0, 0
9.99939800000, 70.00120400000, -9.99939800000, 29.99819400000, 60.00180600000, 19.99879600000, 0, 0
9.99964400000, 70.00071200000, -9.99964400000, 29.99893200000, 60.00106800000, 19.99928800000, 0, 0
9.99981200000, 70.00037600000, -9.99981200000, 29.99943600000, 60.00056400000, 19.99962400000, 0, 0
9.99991680000, 70.00016640000, -9.99991680000, 29.99975040000, 60.00024960000, 19.99983360000, 0, 0
9.99997320000, 70.00005360000, -9.99997320000, 29.99991960000, 60.00008040000, 19.99994640000, 0, 0
9.99999600000, 70.00000800000, -9.99999600000, 29.99998800000, 60.00001200000, 19.99999200000, 0, 0
10.00000000000, 70.00000000000, -10.00000000000, 30.00000000000, 60.00000000000, 20.00000000000, 0, 0
10.00000000000, 70.00000000000, -10.00000000000, 30.00000000000, 60.00000000000, 20.00000000000, 0, 0
