600.00000000000, -300.00000000000, 600.00000000000, 175.00000000000, 10.00000000000, -10.00000000000
600.00046168052, -299.99953831948, 599.99976915974, 174.99991162733, 10.00002392969, -9.99992097775
600.00184672207, -299.99815327793, 599.99907663897, 174.99964650946, 10.00009571946, -9.99968391119
600.00461680517, -299.99538319483, 599.99769159741, 174.99911627447, 10.00023930225, -9.99920977893
600.00923361034, -299.99076638966, 599.99538319483, 174.99823255164, 10.00047861651, -9.99841956102
600.01615881810, -299.98384118190, 599.99192059095, 174.99690697246, 10.00083761040, -9.99723424010
600.02585410896, -299.97414589104, 599.98707294552, 174.99505117182, 10.00134024722, -9.99557480279
600.03878116343, -299.96121883657, 599.98060941828, 174.99257678949, 10.00201051198, -9.99336224142
600.05540166205, -299.94459833795, 599.97229916898, 174.98939547191, 10.00287241922, -9.99051755614
600.07617728532, -299.92382271468, 599.96191135734, 174.98541887417, 10.00395002201, -9.98696175728
600.10156971376, -299.89843028624, 599.94921514312, 174.98055866236, 10.00526742214, -9.98261586801
600.13204062789, -299.86795937211, 599.93397968606, 174.97472651611, 10.00684878149, -9.97740092743
600.16805170822, -299.83194829178, 599.91597414589, 174.96783413148, 10.00871833467, -9.97123799386
600.21006463527, -299.78993536473, 599.89496768236, 174.95979322404, 10.01090040277, -9.96404814852
600.25854108957, -299.74145891043, 599.87072945522, 174.95051553232, 10.01341940833, -9.95575249956
600.31394275162, -299.68605724838, 599.84302862419, 174.93991282148, 10.01629989155, -9.94627218633
600.37673130194, -299.62326869806, 599.81163434903, 174.92789688727, 10.01956652759, -9.93552838410
600.44736842105, -299.55263157895, 599.77631578947, 174.91437956034, 10.02324414516, -9.92344230903
600.52631578947, -299.47368421053, 599.73684210526, 174.89927271071, 10.02735774621, -9.90993522353
600.61403508772, -299.38596491228, 599.69298245614, 174.88248825270, 10.03193252684, -9.89492844190
600.71098799631, -299.28901200369, 599.64450600185, 174.86393815003, 10.03699389939, -9.87834333647
600.81763619575, -299.18236380425, 599.59118190212, 174.84353442128, 10.04256751568, -9.86010134393
600.93444136657, -299.06555863343, 599.53277931671, 174.82118914566, 10.04867929141, -9.84012397211
601.06186518929, -298.93813481071, 599.46906740536, 174.79681446909, 10.05535543173, -9.81833280719
601.20036934441, -298.79963065559, 599.39981532779, 174.77032261059, 10.06262245799, -9.79464952115
601.35041551247, -298.64958448753, 599.32479224377, 174.74162586903, 10.07050723557, -9.76899587977
601.51246537396, -298.48753462604, 599.24376731302, 174.71063663019, 10.07903700292, -9.74129375092
601.68698060942, -298.31301939058, 599.15650969529, 174.67726737420, 10.08823940167, -9.71146511333
601.87442289935, -298.12557710065, 599.06278855032, 174.64143068333, 10.09814250791, -9.67943206575
602.07525392428, -297.92474607572, 598.96237303786, 174.60303925011, 10.10877486453, -9.64511683658
602.28993536473, -297.71006463527, 598.85503231764, 174.56200588585, 10.12016551474, -9.60844179392
602.51892890120, -297.48107109880, 598.74053554940, 174.51824352962, 10.13234403655, -9.56932945614
602.76269621422, -297.23730378578, 598.61865189289, 174.47166525750, 10.14534057850, -9.52770250287
603.02169898430, -296.97830101570, 598.48915050785, 174.42218429236, 10.15918589627, -9.48348378654
603.29639889197, -296.70360110803, 598.35180055402, 174.36971401399, 10.17391139046, -9.43659634443
603.58725761773, -296.41274238227, 598.20637119114, 174.31416796975, 10.18954914540, -9.38696341124
603.89473684211, -296.10526315789, 598.05263157895, 174.25545988559, 10.20613196888, -9.33450843222
604.21929824561, -295.78070175439, 597.89035087719, 174.19350367760, 10.22369343300, -9.27915507691
604.56140350877, -295.43859649123, 597.71929824561, 174.12821346408, 10.24226791589, -9.22082725342
604.92059095106, -295.07940904894, 597.53970452447, 174.05967973528, 10.26184023719, -9.15960647746
605.29639889197, -294.70360110803, 597.35180055402, 173.98799302495, 10.28239533139, -9.09557431708
605.68836565097, -294.31163434903, 597.15581717452, 173.91324390090, 10.30391820336, -9.02881238182
606.09602954755, -293.90397045245, 596.95198522622, 173.83552295587, 10.32639388524, -8.95940231197
606.51892890120, -293.48107109880, 596.74053554940, 173.75492079850, 10.34980739455, -8.88742576812
606.95660203139, -293.04339796861, 596.52169898430, 173.67152804442, 10.37414369358, -8.81296442077
607.40858725762, -292.59141274238, 596.29570637119, 173.58543530755, 10.39938765016, -8.73609994017
607.87442289935, -292.12557710065, 596.06278855032, 173.49673319150, 10.42552399969, -8.65691398627
608.35364727608, -291.64635272392, 595.82317636196, 173.40551228106, 10.45253730844, -8.57548819887
608.84579870729, -291.15420129271, 595.57710064635, 173.31186313393, 10.48041193824, -8.49190418783
609.35041551247, -290.64958448753, 595.32479224377, 173.21587627251, 10.50913201246, -8.40624352355
609.86703601108, -290.13296398892, 595.06648199446, 173.11764217582, 10.53868138330, -8.31858772746
610.39519852262, -289.60480147738, 594.80240073869, 173.01725127160, 10.56904360040, -8.22901826278
610.93444136657, -289.06555863343, 594.53277931671, 172.91479392851, 10.60020188084, -8.13761652534
611.48430286242, -288.51569713758, 594.25784856879, 172.81036044849, 10.63213908034, -8.04446383460
612.04432132964, -287.95567867036, 593.97783933518, 172.70404105929, 10.66483766595, -7.94964142482
612.61403508772, -287.38596491228, 593.69298245614, 172.59592590709, 10.69827968990, -7.85323043637
613.19298245614, -286.80701754386, 593.40350877193, 172.48610504931, 10.73244676488, -7.75531190724
613.78070175439, -286.21929824561, 593.10964912281, 172.37466844760, 10.76732004065, -7.65596676472
614.37673130194, -285.62326869806, 592.81163434903, 172.26170596100, 10.80288018189, -7.55527581722
614.98060941828, -285.01939058172, 592.50969529086, 172.14730733920, 10.83910734742, -7.45331974636
615.59187442290, -284.40812557710, 592.20406278855, 172.03156221610, 10.87598117073, -7.35017909917
616.21006463527, -283.78993536473, 591.89496768236, 171.91456010349, 10.91348074184, -7.24593428060
616.83471837488, -283.16528162512, 591.58264081256, 171.79639038492, 10.95158459040, -7.14066554615
617.46537396122, -282.53462603878, 591.26731301939, 171.67714230984, 10.99027067014, -7.03445299480
618.10156971376, -281.89843028624, 590.94921514312, 171.55690498794, 11.02951634461, -6.92737656216
618.74284395199, -281.25715604801, 590.62857802401, 171.43576738366, 11.06929837418, -6.81951601389
619.38873499538, -280.61126500462, 590.30563250231, 171.31381831102, 11.10959290435, -6.71095093933
620.03878116343, -279.96121883657, 589.98060941828, 171.19114642867, 11.15037545531, -6.60176074550
620.69252077562, -279.30747922438, 589.65373961219, 171.06784023517, 11.19162091277, -6.49202465130
621.34949215143, -278.65050784857, 589.32525392428, 170.94398806457, 11.23330352001, -6.38182168205
622.00923361034, -277.99076638966, 588.99538319483, 170.81967808230, 11.27539687129, -6.27123066437
622.67128347184, -277.32871652816, 588.66435826408, 170.69499828126, 11.31787390632, -6.16033022136
623.33518005540, -276.66481994460, 588.33240997230, 170.57003647829, 11.36070690614, -6.04919876809
624.00046168052, -275.99953831948, 587.99976915974, 170.44488031091, 11.40386749005, -5.93791450751
624.66666666667, -275.33333333333, 587.66666666667, 170.31961723438, 11.44732661388, -5.82655542668
625.33333333333, -274.66666666667, 587.33333333333, 170.19433451914, 11.49105456939, -5.71519929336
626.00000000000, -274.00000000000, 587.00000000000, 170.06911924848, 11.53502098485, -5.60392365306
626.66666666667, -273.33333333333, 586.66666666667, 169.94397167283, 11.57922552166, -5.49272884974
627.33333333333, -272.66666666667, 586.33333333333, 169.81889204038, 11.62366784000, -5.38161522544
628.00000000000, -272.00000000000, 586.00000000000, 169.69388059706, 11.66834759877, -5.27058312025
628.66666666667, -271.33333333333, 585.66666666667, 169.56893758652, 11.71326445559, -5.15963287232
629.33333333333, -270.66666666667, 585.33333333333, 169.44406325018, 11.75841806690, -5.04876481787
630.00000000000, -270.00000000000, 585.00000000000, 169.31925782713, 11.80380808787, -4.93797929116
630.66666666667, -269.33333333333, 584.66666666667, 169.19452155425, 11.84943417247, -4.82727662452
631.33333333333, -268.66666666667, 584.33333333333, 169.06985466609, 11.89529597345, -4.71665714833
632.00000000000, -268.00000000000, 584.00000000000, 168.94525739495, 11.94139314239, -4.60612119103
632.66666666667, -267.33333333333, 583.66666666667, 168.82072997084, 11.98772532965, -4.49566907910
633.33333333333, -266.66666666667, 583.33333333333, 168.69627262146, 12.03429218444, -4.38530113709
634.00000000000, -266.00000000000, 583.00000000000, 168.57188557224, 12.08109335480, -4.27501768760
634.66666666667, -265.33333333333, 582.66666666667, 168.44756904633, 12.12812848760, -4.16481905128
635.33333333333, -264.66666666667, 582.33333333333, 168.32332326454, 12.17539722860, -4.05470554684
636.00000000000, -264.00000000000, 582.00000000000, 168.19914844543, 12.22289922239, -3.94467749104
636.66666666667, -263.33333333333, 581.66666666667, 168.07504480521, 12.27063411247, -3.83473519869
637.33333333333, -262.66666666667, 581.33333333333, 167.95101255781, 12.31860154119, -3.72487898266
638.00000000000, -262.00000000000, 581.00000000000, 167.82705191486, 12.36680114984, -3.61510915389
638.66666666667, -261.33333333333, 580.66666666667, 167.70316308567, 12.41523257859, -3.50542602134
639.33333333333, -260.66666666667, 580.33333333333, 167.57934627724, 12.46389546653, -3.39582989206
640.00000000000, -260.00000000000, 580.00000000000, 167.45560169424, 12.51278945170, -3.28632107113
640.66666666667, -259.33333333333, 579.66666666667, 167.33192953904, 12.56191417106, -3.17689986173
641.33333333333, -258.66666666667, 579.33333333333, 167.20833001171, 12.61126926052, -3.06756656505
642.00000000000, -258.00000000000, 579.00000000000, 167.08480330995, 12.66085435498, -2.95832148037
642.66666666667, -257.33333333333, 578.66666666667, 166.96134962919, 12.71066908826, -2.84916490502
643.33333333333, -256.66666666667, 578.33333333333, 166.83796916250, 12.76071309321, -2.74009713441
644.00000000000, -256.00000000000, 578.00000000000, 166.71466210064, 12.81098600165, -2.63111846201
644.66666666667, -255.33333333333, 577.66666666667, 166.59142863204, 12.86148744441, -2.52222917933
645.33333333333, -254.66666666667, 577.33333333333, 166.46826894282, 12.91221705131, -2.41342957598
646.00000000000, -254.00000000000, 577.00000000000, 166.34518321673, 12.96317445123, -2.30471993964
646.66666666667, -253.33333333333, 576.66666666667, 166.22217163523, 13.01435927205, -2.19610055604
647.33333333333, -252.66666666667, 576.33333333333, 166.09923437743, 13.06577114071, -2.08757170901
648.00000000000, -252.00000000000, 576.00000000000, 165.97637162010, 13.11740968321, -1.97913368044
648.66666666667, -251.33333333333, 575.66666666667, 165.85358353770, 13.16927452460, -1.87078675030
649.33333333333, -250.66666666667, 575.33333333333, 165.73087030232, 13.22136528902, -1.76253119665
650.00000000000, -250.00000000000, 575.00000000000, 165.60823208376, 13.27368159967, -1.65436729563
650.66666666667, -249.33333333333, 574.66666666667, 165.48566904945, 13.32622307887, -1.54629532148
651.33333333333, -248.66666666667, 574.33333333333, 165.36318136449, 13.37898934803, -1.43831554650
652.00000000000, -248.00000000000, 574.00000000000, 165.24076919166, 13.43198002769, -1.33042824112
652.66666666667, -247.33333333333, 573.66666666667, 165.11843269137, 13.48519473751, -1.22263367384
653.33333333333, -246.66666666667, 573.33333333333, 164.99617202173, 13.53863309627, -1.11493211128
654.00000000000, -246.00000000000, 573.00000000000, 164.87398733848, 13.59229472191, -1.00732381813
654.66666666667, -245.33333333333, 572.66666666667, 164.75187879505, 13.64617923153, -0.89980905722
655.33333333333, -244.66666666667, 572.33333333333, 164.62984654251, 13.70028624139, -0.79238808947
656.00000000000, -244.00000000000, 572.00000000000, 164.50789072961, 13.75461536693, -0.68506117392
656.66666666667, -243.33333333333, 571.66666666667, 164.38601150274, 13.80916622277, -0.57782856773
657.33333333333, -242.66666666667, 571.33333333333, 164.26420900597, 13.86393842274, -0.47069052618
658.00000000000, -242.00000000000, 571.00000000000, 164.14248338103, 13.91893157985, -0.36364730267
658.66666666667, -241.33333333333, 570.66666666667, 164.02083476730, 13.97414530636, -0.25669914872
659.33333333333, -240.66666666667, 570.33333333333, 163.89926330185, 14.02957921373, -0.14984631401
660.00000000000, -240.00000000000, 570.00000000000, 163.77776911939, 14.08523291267, -0.04308904633
660.66666666667, -239.33333333333, 569.66666666667, 163.65635235230, 14.14110601312, 0.06357240838
661.33333333333, -238.66666666667, 569.33333333333, 163.53501313063, 14.19719812431, 0.17013780604
662.00000000000, -238.00000000000, 569.00000000000, 163.41375158209, 14.25350885471, 0.27660690439
662.66666666667, -237.33333333333, 568.66666666667, 163.29256783205, 14.31003781205, 0.38297946305
663.33333333333, -236.66666666667, 568.33333333333, 163.17146200358, 14.36678460339, 0.48925524347
664.00000000000, -236.00000000000, 568.00000000000, 163.05043421737, 14.42374883506, 0.59543400893
664.66666666667, -235.33333333333, 567.66666666667, 162.92948459183, 14.48093011268, 0.70151552455
665.33333333333, -234.66666666667, 567.33333333333, 162.80861324299, 14.53832804122, 0.80749955726
666.00000000000, -234.00000000000, 567.00000000000, 162.68782028458, 14.59594222495, 0.91338587582
666.66666666667, -233.33333333333, 566.66666666667, 162.56710582802, 14.65377226748, 1.01917425081
667.33333333333, -232.66666666667, 566.33333333333, 162.44646998236, 14.71181777178, 1.12486445461
668.00000000000, -232.00000000000, 566.00000000000, 162.32591285435, 14.77007834014, 1.23045626141
668.66666666667, -231.33333333333, 565.66666666667, 162.20543454842, 14.82855357424, 1.33594944719
669.33333333333, -230.66666666667, 565.33333333333, 162.08503516668, 14.88724307513, 1.44134378975
670.00000000000, -230.00000000000, 565.00000000000, 161.96471480891, 14.94614644325, 1.54663906863
670.66666666667, -229.33333333333, 564.66666666667, 161.84447357256, 15.00526327840, 1.65183506520
671.33333333333, -228.66666666667, 564.33333333333, 161.72431155279, 15.06459317981, 1.75693156258
672.00000000000, -228.00000000000, 564.00000000000, 161.60422884243, 15.12413574611, 1.86192834567
672.66666666667, -227.33333333333, 563.66666666667, 161.48422553199, 15.18389057537, 1.96682520111
673.33333333333, -226.66666666667, 563.33333333333, 161.36430170969, 15.24385726505, 2.07162191734
674.00000000000, -226.00000000000, 563.00000000000, 161.24445746142, 15.30403541209, 2.17631828450
674.66666666667, -225.33333333333, 562.66666666667, 161.12469287076, 15.36442461286, 2.28091409453
675.33333333333, -224.66666666667, 562.33333333333, 161.00500801901, 15.42502446318, 2.38540914106
676.00000000000, -224.00000000000, 562.00000000000, 160.88540298513, 15.48583455835, 2.48980321949
676.66666666667, -223.33333333333, 561.66666666667, 160.76587784581, 15.54685449315, 2.59409612691
677.33333333333, -222.66666666667, 561.33333333333, 160.64643267542, 15.60808386182, 2.69828766216
678.00000000000, -222.00000000000, 561.00000000000, 160.52706754605, 15.66952225813, 2.80237762577
678.66666666667, -221.33333333333, 560.66666666667, 160.40778252747, 15.73116927533, 2.90636581998
679.33333333333, -220.66666666667, 560.33333333333, 160.28857768718, 15.79302450618, 3.01025204874
680.00000000000, -220.00000000000, 560.00000000000, 160.16945309038, 15.85508754298, 3.11403611767
680.66666666667, -219.33333333333, 559.66666666667, 160.05040879998, 15.91735797755, 3.21771783410
681.33333333333, -218.66666666667, 559.33333333333, 159.93144487662, 15.97983540125, 3.32129700701
682.00000000000, -218.00000000000, 559.00000000000, 159.81256137862, 16.04251940499, 3.42477344707
682.66666666667, -217.33333333333, 558.66666666667, 159.69375836206, 16.10540957924, 3.52814696660
683.33333333333, -216.66666666667, 558.33333333333, 159.57503588072, 16.16850551402, 3.63141737958
684.00000000000, -216.00000000000, 558.00000000000, 159.45639398611, 16.23180679896, 3.73458450162
684.66666666667, -215.33333333333, 557.66666666667, 159.33783272747, 16.29531302324, 3.83764815000
685.33333333333, -214.66666666667, 557.33333333333, 159.21935215176, 16.35902377565, 3.94060814361
686.00000000000, -214.00000000000, 557.00000000000, 159.10095230368, 16.42293864458, 4.04346430297
686.66666666667, -213.33333333333, 556.66666666667, 158.98263322566, 16.48705721803, 4.14621645021
687.33333333333, -212.66666666667, 556.33333333333, 158.86439495788, 16.55137908360, 4.24886440908
688.00000000000, -212.00000000000, 556.00000000000, 158.74623753824, 16.61590382856, 4.35140800492
688.66666666667, -211.33333333333, 555.66666666667, 158.62816100242, 16.68063103977, 4.45384706466
689.33333333333, -210.66666666667, 555.33333333333, 158.51016538379, 16.74556030376, 4.55618141682
690.00000000000, -210.00000000000, 555.00000000000, 158.39225071353, 16.81069120672, 4.65841089150
690.66666666667, -209.33333333333, 554.66666666667, 158.27441702054, 16.87602333448, 4.76053532036
691.33333333333, -208.66666666667, 554.33333333333, 158.15666433147, 16.94155627254, 4.86255453661
692.00000000000, -208.00000000000, 554.00000000000, 158.03899267074, 17.00728960611, 4.96446837503
692.66666666667, -207.33333333333, 553.66666666667, 157.92140206054, 17.07322292005, 5.06627667192
693.33333333333, -206.66666666667, 553.33333333333, 157.80389252080, 17.13935579892, 5.16797926514
694.00000000000, -206.00000000000, 553.00000000000, 157.68646406926, 17.20568782702, 5.26957599406
694.66666666667, -205.33333333333, 552.66666666667, 157.56911672138, 17.27221858831, 5.37106669955
695.33333333333, -204.66666666667, 552.33333333333, 157.45185049042, 17.33894766650, 5.47245122401
696.00000000000, -204.00000000000, 552.00000000000, 157.33466538743, 17.40587464502, 5.57372941133
696.66666666667, -203.33333333333, 551.66666666667, 157.21756142121, 17.47299910705, 5.67490110689
697.33333333333, -202.66666666667, 551.33333333333, 157.10053859837, 17.54032063548, 5.77596615755
698.00000000000, -202.00000000000, 551.00000000000, 156.98359692329, 17.60783881297, 5.87692441163
698.66666666667, -201.33333333333, 550.66666666667, 156.86673639814, 17.67555322196, 5.97777571894
699.33333333333, -200.66666666667, 550.33333333333, 156.74995702291, 17.74346344463, 6.07851993071
700.00000000000, -200.00000000000, 550.00000000000, 156.63325879535, 17.81156906294, 6.17915689963
700.66666666667, -199.33333333333, 549.66666666667, 156.51664171104, 17.87986965864, 6.27968647983
701.33333333333, -198.66666666667, 549.33333333333, 156.40010576334, 17.94836481328, 6.38010852684
702.00000000000, -198.00000000000, 549.00000000000, 156.28365094342, 18.01705410817, 6.48042289764
702.66666666667, -197.33333333333, 548.66666666667, 156.16727724028, 18.08593712448, 6.58062945058
703.33333333333, -196.66666666667, 548.33333333333, 156.05098464072, 18.15501344315, 6.68072804543
704.00000000000, -196.00000000000, 548.00000000000, 155.93477312935, 18.22428264496, 6.78071854333
704.66666666667, -195.33333333333, 547.66666666667, 155.81864268861, 18.29374431053, 6.88060080681
705.33333333333, -194.66666666667, 547.33333333333, 155.70259329876, 18.36339802029, 6.98037469976
706.00000000000, -194.00000000000, 547.00000000000, 155.58662493789, 18.43324335454, 7.08004008742
706.66666666667, -193.33333333333, 546.66666666667, 155.47073758191, 18.50327989342, 7.17959683640
707.33333333333, -192.66666666667, 546.33333333333, 155.35493120459, 18.57350721692, 7.27904481461
708.00000000000, -192.00000000000, 546.00000000000, 155.23920577750, 18.64392490491, 7.37838389132
708.66666666667, -191.33333333333, 545.66666666667, 155.12356127008, 18.71453253714, 7.47761393709
709.33333333333, -190.66666666667, 545.33333333333, 155.00799764960, 18.78532969321, 7.57673482382
710.00000000000, -190.00000000000, 545.00000000000, 154.89251488118, 18.85631595265, 7.67574642466
710.66666666667, -189.33333333333, 544.66666666667, 154.77711292779, 18.92749089484, 7.77464861409
711.33333333333, -188.66666666667, 544.33333333333, 154.66179175026, 18.99885409910, 7.87344126783
712.00000000000, -188.00000000000, 544.00000000000, 154.54655130728, 19.07040514465, 7.97212426289
712.66666666667, -187.33333333333, 543.66666666667, 154.43139155539, 19.14214361061, 8.07069747752
713.33333333333, -186.66666666667, 543.33333333333, 154.31631244900, 19.21406907604, 8.16916079123
714.00000000000, -186.00000000000, 543.00000000000, 154.20131394038, 19.28618111992, 8.26751408474
714.66666666667, -185.33333333333, 542.66666666667, 154.08639597969, 19.35847932117, 8.36575724000
715.33333333333, -184.66666666667, 542.33333333333, 153.97155851494, 19.43096325867, 8.46389014018
716.00000000000, -184.00000000000, 542.00000000000, 153.85680149205, 19.50363251123, 8.56191266966
716.66666666667, -183.33333333333, 541.66666666667, 153.74212485479, 19.57648665762, 8.65982471398
717.33333333333, -182.66666666667, 541.33333333333, 153.62752854484, 19.64952527659, 8.75762615987
718.00000000000, -182.00000000000, 541.00000000000, 153.51301250174, 19.72274794683, 8.85531689526
718.66666666667, -181.33333333333, 540.66666666667, 153.39857666295, 19.79615424705, 8.95289680919
719.33333333333, -180.66666666667, 540.33333333333, 153.28422096381, 19.86974375591, 9.05036579188
720.00000000000, -180.00000000000, 540.00000000000, 153.16994533757, 19.94351605207, 9.14772373466
720.66666666667, -179.33333333333, 539.66666666667, 153.05574971535, 20.01747071420, 9.24497053000
721.33333333333, -178.66666666667, 539.33333333333, 152.94163402622, 20.09160732095, 9.34210607149
722.00000000000, -178.00000000000, 539.00000000000, 152.82759819713, 20.16592545100, 9.43913025380
722.66666666667, -177.33333333333, 538.66666666667, 152.71364215294, 20.24042468304, 9.53604297270
723.33333333333, -176.66666666667, 538.33333333333, 152.59976581644, 20.31510459578, 9.63284412505
724.00000000000, -176.00000000000, 538.00000000000, 152.48596910832, 20.38996476796, 9.72953360876
724.66666666667, -175.33333333333, 537.66666666667, 152.37225194721, 20.46500477836, 9.82611132279
725.33333333333, -174.66666666667, 537.33333333333, 152.25861424964, 20.54022420579, 9.92257716718
726.00000000000, -174.00000000000, 537.00000000000, 152.14505593010, 20.61562262912, 10.01893104296
726.66666666667, -173.33333333333, 536.66666666667, 152.03157690099, 20.69119962726, 10.11517285221
727.33333333333, -172.66666666667, 536.33333333333, 151.91817707263, 20.76695477919, 10.21130249800
728.00000000000, -172.00000000000, 536.00000000000, 151.80485635331, 20.84288766396, 10.30731988442
728.66666666667, -171.33333333333, 535.66666666667, 151.69161464923, 20.91899786067, 10.40322491652
729.33333333333, -170.66666666667, 535.33333333333, 151.57845186454, 20.99528494852, 10.49901750034
730.00000000000, -170.00000000000, 535.00000000000, 151.46536790136, 21.07174850678, 10.59469754287
730.66666666667, -169.33333333333, 534.66666666667, 151.35236265972, 21.14838811481, 10.69026495208
731.33333333333, -168.66666666667, 534.33333333333, 151.23943603763, 21.22520335207, 10.78571963683
732.00000000000, -168.00000000000, 534.00000000000, 151.12658793104, 21.30219379812, 10.88106150694
732.66666666667, -167.33333333333, 533.66666666667, 151.01381823386, 21.37935903262, 10.97629047314
733.33333333333, -166.66666666667, 533.33333333333, 150.90112683797, 21.45669863534, 11.07140644705
734.00000000000, -166.00000000000, 533.00000000000, 150.78851363319, 21.53421218617, 11.16640934119
734.66666666667, -165.33333333333, 532.66666666667, 150.67597850733, 21.61189926513, 11.26129906895
735.33333333333, -164.66666666667, 532.33333333333, 150.56352134616, 21.68975945236, 11.35607554459
736.00000000000, -164.00000000000, 532.00000000000, 150.45114203342, 21.76779232814, 11.45073868321
736.66666666667, -163.33333333333, 531.66666666667, 150.33884045081, 21.84599747287, 11.54528840077
737.33333333333, -162.66666666667, 531.33333333333, 150.22661647802, 21.92437446711, 11.63972461403
738.00000000000, -162.00000000000, 531.00000000000, 150.11446999273, 22.00292289158, 11.73404724061
738.66666666667, -161.33333333333, 530.66666666667, 150.00240087058, 22.08164232713, 11.82825619887
739.33333333333, -160.66666666667, 530.33333333333, 149.89040898521, 22.16053235479, 11.92235140802
740.00000000000, -160.00000000000, 530.00000000000, 149.77849420822, 22.23959255574, 12.01633278800
740.66666666667, -159.33333333333, 529.66666666667, 149.66665640924, 22.31882251133, 12.11020025955
741.33333333333, -158.66666666667, 529.33333333333, 149.55489545585, 22.39822180310, 12.20395374413
742.00000000000, -158.00000000000, 529.00000000000, 149.44321121364, 22.47779001276, 12.29759316397
742.66666666667, -157.33333333333, 528.66666666667, 149.33160354620, 22.55752672221, 12.39111844199
743.33333333333, -156.66666666667, 528.33333333333, 149.22007231511, 22.63743151353, 12.48452950186
744.00000000000, -156.00000000000, 528.00000000000, 149.10861737996, 22.71750396900, 12.57782626792
744.66666666667, -155.33333333333, 527.66666666667, 148.99723859833, 22.79774367111, 12.67100866521
745.33333333333, -154.66666666667, 527.33333333333, 148.88593582579, 22.87815020253, 12.76407661944
746.00000000000, -154.00000000000, 527.00000000000, 148.77470891596, 22.95872314617, 12.85703005699
746.66666666667, -153.33333333333, 526.66666666667, 148.66355772042, 23.03946208512, 12.94986890488
747.33333333333, -152.66666666667, 526.33333333333, 148.55248208878, 23.12036660272, 13.04259309075
748.00000000000, -152.00000000000, 526.00000000000, 148.44148186867, 23.20143628251, 13.13520254288
748.66666666667, -151.33333333333, 525.66666666667, 148.33055690572, 23.28267070828, 13.22769719015
749.33333333333, -150.66666666667, 525.33333333333, 148.21970704357, 23.36406946402, 13.32007696204
750.00000000000, -150.00000000000, 525.00000000000, 148.10893212388, 23.44563213400, 13.41234178860
750.66666666667, -149.33333333333, 524.66666666667, 147.99823198634, 23.52735830268, 13.50449160045
751.33333333333, -148.66666666667, 524.33333333333, 147.88760646864, 23.60924755480, 13.59652632876
752.00000000000, -148.00000000000, 524.00000000000, 147.77705540651, 23.69129947535, 13.68844590526
752.66666666667, -147.33333333333, 523.66666666667, 147.66657863368, 23.77351364956, 13.78025026217
753.33333333333, -146.66666666667, 523.33333333333, 147.55617598193, 23.85588966292, 13.87193933226
754.00000000000, -146.00000000000, 523.00000000000, 147.44584728103, 23.93842710118, 13.96351304878
754.66666666667, -145.33333333333, 522.66666666667, 147.33559235879, 24.02112555038, 14.05497134545
755.33333333333, -144.66666666667, 522.33333333333, 147.22541104107, 24.10398459679, 14.14631415648
756.00000000000, -144.00000000000, 522.00000000000, 147.11530315173, 24.18700382699, 14.23754141654
756.66666666667, -143.33333333333, 521.66666666667, 147.00526851266, 24.27018282783, 14.32865306074
757.33333333333, -142.66666666667, 521.33333333333, 146.89530694378, 24.35352118643, 14.41964902459
758.00000000000, -142.00000000000, 521.00000000000, 146.78541826305, 24.43701849020, 14.51052924406
758.66666666667, -141.33333333333, 520.66666666667, 146.67560228646, 24.52067432686, 14.60129365550
759.33333333333, -140.66666666667, 520.33333333333, 146.56585882802, 24.60448828439, 14.69194219562
760.00000000000, -140.00000000000, 520.00000000000, 146.45618769977, 24.68845995110, 14.78247480155
760.66666666667, -139.33333333333, 519.66666666667, 146.34658871180, 24.77258891559, 14.87289141074
761.33333333333, -138.66666666667, 519.33333333333, 146.23706167222, 24.85687476676, 14.96319196099
762.00000000000, -138.00000000000, 519.00000000000, 146.12760638718, 24.94131709383, 15.05337639046
762.66666666667, -137.33333333333, 518.66666666667, 146.01822266084, 25.02591548631, 15.14344463757
763.33333333333, -136.66666666667, 518.33333333333, 145.90891029543, 25.11066953406, 15.23339664108
764.00000000000, -136.00000000000, 518.00000000000, 145.79966909118, 25.19557882724, 15.32323234003
764.66666666667, -135.33333333333, 517.66666666667, 145.69049884638, 25.28064295632, 15.41295167370
765.33333333333, -134.66666666667, 517.33333333333, 145.58139935732, 25.36586151213, 15.50255458167
766.00000000000, -134.00000000000, 517.00000000000, 145.47237041837, 25.45123408580, 15.59204100372
766.66666666667, -133.33333333333, 516.66666666667, 145.36341182188, 25.53676026882, 15.68141087989
767.33333333333, -132.66666666667, 516.33333333333, 145.25452335827, 25.62243965299, 15.77066415040
768.00000000000, -132.00000000000, 516.00000000000, 145.14570481598, 25.70827183047, 15.85980075568
768.66666666667, -131.33333333333, 515.66666666667, 145.03695598147, 25.79425639376, 15.94882063633
769.33333333333, -130.66666666667, 515.33333333333, 144.92827663925, 25.88039293569, 16.03772373315
770.00000000000, -130.00000000000, 515.00000000000, 144.81966657184, 25.96668104946, 16.12650998703
770.66666666667, -129.33333333333, 514.66666666667, 144.71112555980, 26.05312032861, 16.21517933906
771.33333333333, -128.66666666667, 514.33333333333, 144.60265338172, 26.13971036705, 16.30373173039
772.00000000000, -128.00000000000, 514.00000000000, 144.49424981420, 26.22645075904, 16.39216710232
772.66666666667, -127.33333333333, 513.66666666667, 144.38591463188, 26.31334109919, 16.48048539620
773.33333333333, -126.66666666667, 513.33333333333, 144.27764760743, 26.40038098249, 16.56868655349
774.00000000000, -126.00000000000, 513.00000000000, 144.16944851153, 26.48757000431, 16.65677051568
774.66666666667, -125.33333333333, 512.66666666667, 144.06131711287, 26.57490776035, 16.74473722431
775.33333333333, -124.66666666667, 512.33333333333, 143.95325317818, 26.66239384672, 16.83258662094
775.99953831948, -124.00046168052, 512.00023084026, 143.84533123896, 26.74996712043, 16.92025793153
776.66481994460, -123.33518005540, 511.66759002770, 143.73762563967, 26.83756603118, 17.00769070705
777.32871652816, -122.67128347184, 511.33564173592, 143.63021053987, 26.92512862525, 17.09482482304
777.99076638966, -122.00923361034, 511.00461680517, 143.52315991670, 27.01259254994, 17.18160047858
778.65050784857, -121.34949215143, 510.67474607572, 143.41654756766, 27.09989505886, 17.26795819471
779.30747922438, -120.69252077562, 510.34626038781, 143.31044711377, 27.18697301765, 17.35383881225
779.96121883656, -120.03878116344, 510.01939058172, 143.20493200291, 27.27376291056, 17.43918348910
780.61126500462, -119.38873499538, 509.69436749769, 143.10007551365, 27.36020084749, 17.52393369690
781.25715604801, -118.74284395199, 509.37142197599, 142.99595075917, 27.44622257172, 17.60803121718
781.89843028624, -118.10156971376, 509.05078485688, 142.89263069161, 27.53176346828, 17.69141813689
782.53462603878, -117.46537396122, 508.73268698061, 142.79018810665, 27.61675857276, 17.77403684340
783.16528162511, -116.83471837489, 508.41735918744, 142.68869564830, 27.70114258090, 17.85583001885
783.78993536473, -116.21006463527, 508.10503231764, 142.58822581401, 27.78484985860, 17.93674063399
784.40812557710, -115.59187442290, 507.79593721145, 142.48885096003, 27.86781445253, 18.01671194142
785.01939058172, -114.98060941828, 507.49030470914, 142.39064330694, 27.94997010131, 18.09568746820
785.62326869806, -114.37673130194, 507.18836565097, 142.29367494548, 28.03125024720, 18.17361100795
786.21929824561, -113.78070175439, 506.89035087719, 142.19801784255, 28.11158804832, 18.25042661232
786.80701754386, -113.19298245614, 506.59649122807, 142.10374384746, 28.19091639143, 18.32607858185
787.38596491228, -112.61403508772, 506.30701754386, 142.01092469833, 28.26916790515, 18.40051145630
787.95567867036, -112.04432132964, 506.02216066482, 141.91963202878, 28.34627497376, 18.47367000435
788.51569713758, -111.48430286242, 505.74215143121, 141.82993737468, 28.42216975145, 18.54549921273
789.06555863343, -110.93444136657, 505.46722068329, 141.74191218120, 28.49678417706, 18.61594427472
789.60480147738, -110.39519852262, 505.19759926131, 141.65562780996, 28.57004998937, 18.68495057808
790.13296398892, -109.86703601108, 504.93351800554, 141.57115554639, 28.64189874280, 18.75246369243
790.64958448753, -109.35041551247, 504.67520775623, 141.48856660721, 28.71226182362, 18.81842935592
791.15420129271, -108.84579870730, 504.42289935365, 141.40793214815, 28.78107046663, 18.88279346142
791.64635272391, -108.35364727609, 504.17682363804, 141.32932327173, 28.84825577237, 18.94550204204
792.12557710065, -107.87442289935, 503.93721144968, 141.25281103524, 28.91374872470, 19.00650125607
792.59141274238, -107.40858725762, 503.70429362881, 141.17846645889, 28.97748020897, 19.06573737134
793.04339796861, -106.95660203139, 503.47830101570, 141.10636053408, 29.03938103055, 19.12315674894
793.48107109880, -106.51892890120, 503.25946445060, 141.03656423179, 29.09938193395, 19.17870582637
793.90397045245, -106.09602954755, 503.04801477378, 140.96914851119, 29.15741362237, 19.23233110009
794.31163434903, -105.68836565097, 502.84418282549, 140.90418432836, 29.21340677771, 19.28397910744
794.70360110803, -105.29639889197, 502.64819944598, 140.84174264513, 29.26729208109, 19.33359640800
795.07940904894, -104.92059095106, 502.46029547553, 140.78189443813, 29.31900023393, 19.38112956431
795.43859649123, -104.56140350877, 502.28070175439, 140.72471070797, 29.36846197943, 19.42652512202
795.78070175439, -104.21929824561, 502.10964912281, 140.67026248859, 29.41560812462, 19.46972958945
796.10526315789, -103.89473684211, 501.94736842105, 140.61862085680, 29.46036956295, 19.51068941651
796.41274238227, -103.58725761773, 501.79362880886, 140.56971008145, 29.50280477359, 19.54946738542
796.70360110803, -103.29639889197, 501.64819944598, 140.52345463507, 29.54297269428, 19.58612588909
796.97830101570, -103.02169898430, 501.51084949215, 140.47977918174, 29.58093269538, 19.62072695160
797.23730378578, -102.76269621422, 501.38134810711, 140.43860856565, 29.61674455473, 19.65333224815
797.48107109880, -102.51892890120, 501.25946445060, 140.39986779997, 29.65046843343, 19.68400312454
797.71006463527, -102.28993536473, 501.14496768236, 140.36348205623, 29.68216485255, 19.71280061604
797.92474607572, -102.07525392428, 501.03762696214, 140.32937665415, 29.71189467064, 19.73978546578
798.12557710065, -101.87442289935, 500.93721144968, 140.29747705182, 29.73971906210, 19.76501814257
798.31301939058, -101.68698060942, 500.84349030471, 140.26770883639, 29.76569949641, 19.78855885815
798.48753462604, -101.51246537396, 500.75623268698, 140.23999771505, 29.78989771807, 19.81046758396
798.64958448753, -101.35041551247, 500.67520775623, 140.21426950650, 29.81237572745, 19.83080406732
798.79963065559, -101.20036934441, 500.60018467221, 140.19045013270, 29.83319576228, 19.84962784704
798.93813481071, -101.06186518929, 500.53093259464, 140.16846561105, 29.85242028001, 19.86699826852
799.06555863343, -100.93444136657, 500.46722068329, 140.14824204691, 29.87011194086, 19.88297449826
799.18236380425, -100.81763619575, 500.40881809788, 140.12970562643, 29.88633359160, 19.89761553784
799.28901200369, -100.71098799631, 500.35549399815, 140.11278260980, 29.90114825010, 19.91098023732
799.38596491228, -100.61403508772, 500.30701754386, 140.09739932474, 29.91461909051, 19.92312730807
799.47368421053, -100.52631578947, 500.26315789474, 140.08348216036, 29.92680942926, 19.93411533508
799.55263157895, -100.44736842105, 500.22368421053, 140.07095756136, 29.93778271161, 19.94400278867
799.62326869806, -100.37673130194, 500.18836565097, 140.05975202249, 29.94760249905, 19.95284803562
799.68605724838, -100.31394275162, 500.15697137581, 140.04979208335, 29.95633245724, 19.96070934979
799.74145891043, -100.25854108957, 500.12927054478, 140.04100432351, 29.96403634469, 19.96764492212
799.78993536473, -100.21006463527, 500.10503231764, 140.03331535783, 29.97077800213, 19.97371287007
799.83194829178, -100.16805170822, 500.08402585411, 140.02665183223, 29.97662134248, 19.97897124654
799.86795937211, -100.13204062789, 500.06602031394, 140.02094041961, 29.98163034153, 19.98347804813
799.89843028624, -100.10156971376, 500.05078485688, 140.01610781613, 29.98586902926, 19.98729122292
799.92382271468, -100.07617728532, 500.03808864266, 140.01208073777, 29.98940148183, 19.99046867761
799.94459833795, -100.05540166205, 500.02770083103, 140.00878591714, 29.99229181417, 19.99306828413
799.96121883656, -100.03878116344, 500.01939058172, 140.00615010058, 29.99460417326, 19.99514788567
799.97414589104, -100.02585410896, 500.01292705448, 140.00410004558, 29.99640273205, 19.99676530211
799.98384118190, -100.01615881810, 500.00807940905, 140.00256251842, 29.99775168404, 19.99797833491
799.99076638966, -100.00923361034, 500.00461680517, 140.00146429213, 29.99871523844, 19.99884477142
799.99538319483, -100.00461680517, 500.00230840259, 140.00073214470, 29.99935761602, 19.99942238858
799.99815327793, -100.00184672207, 500.00092336103, 140.00029285755, 29.99974304564, 19.99976895612
799.99953831948, -100.00046168052, 500.00023084026, 140.00007321435, 29.99993576131, 19.99994223912
800.00000000000, -100.00000000000, 500.00000000000, 140.00000000000, 30.00000000000, 20.00000000000
800.00000000000, -100.00000000000, 500.00000000000, 140.00000000000, 30.00000000000, 20.00000000000
